Terrain1
000000000000000000000000000
000000000000000000000000000
000000000000000000000000000
000000000000000000000000000
000000000000000000000000000
000000000000000000000000000
000000000000000000000000000
000000000000000000000000000
000000000000000000000000000
000000000000000000000000000
000000000000000000000000000
000000000000000000000000000
000000000000000000000000000
000000000000000000000000000
000000000000000000000000000
000000000000000000000000000
000000000000000000000000000
000000000000000000000000000
000000000000000000000000000
000000000000000000000000000
000000000000000000000000000
000000000000000000000000000
000000000000000000000000000
000000000000000000000000000
000000000000000000000000000
000000000000000000000000000
000000000000000000000000000
Terrain2
111111111111111111111111111
100000000000000000000000001
100000000000000000000000001
100000000000000000000000001
100000000000000000000000001
100000000000000000000000001
100000000000000000000000001
100000000000000000000000001
100000000000000000000000001
100000000000000000000000001
100000000000000000000000001
100000000000000000000000001
100000000000000000000000001
100000000000000000000000001
100000000000000000000000001
100000000000000000000000001
100000000000000000000000001
100000000000000000000000001
100000000000000000000000001
100000000000000000000000001
100000000000000000000000001
100000000000000000000000001
100000000000000000000000001
100000000000000000000000001
100000000000000000000000001
100000000000000000000000001
111111111111111111111111111
Terrain3
111111111111111111111111111
100000000000000000000000001
100000000000000000000000001
100000100000000000001000001
100000100000000000001000001
100111111100000001111111001
100000100000000000001000001
100000100000000000001000001
100000000000000000000000001
100000000000000000000000001
100000000000000000000000001
100000000000000000000000001
100000000000000000000000001
100000000000000000000000001
100000000000000000000000001
100000000000000000000000001
100000000000000000000000001
100000000000000000000000001
100000000000000000000000001
100000100000000000001000001
100000100000000000001000001
100111111100000001111111001
100000100000000000001000001
100000100000000000001000001
100000000000000000000000001
100000000000000000000000001
111111111111111111111111111
Terrain4
111111111111111111111111111
100000000000000000000000001
100000000000000000000000001
100000100000000000001000001
100000100000000000001000001
100111111100000001111111001
100000100000000000001000001
100000100000000000001000001
100000000000000000000000001
100000000000010000000000001
100000000000010000000000001
100000000000010000000000001
100000000000010000000000001
100000000111111111000000001
100000000000010000000000001
100000000000010000000000001
100000000000010000000000001
100000000000010000000000001
100000000000000000000000001
100000100000000000001000001
100000100000000000001000001
100111111100000001111111001
100000100000000000001000001
100000100000000000001000001
100000000000000000000000001
100000000000000000000000001
111111111111111111111111111
Terrain5
111111111111111111111111111
100000000000010000000000001
100000000000010000000000001
100000000000000000000000001
100000000000000000000000001
100000000000010000000000001
100000000000010000000000001
100000000000010000000000001
100000000000010000000000001
100000000000010000000000001
100000000000010000000000001
100000000000010000000000001
100000000000010000000000001
111111100111111111001111111
100000000000010000000000001
100000000000010000000000001
100000000000010000000000001
100000000000010000000000001
100000000000010000000000001
100000000000010000000000001
100000000000010000000000001
100000000000010000000000001
100000000000000000000000001
100000000000000000000000001
100000000000010000000000001
100000000000010000000000001
111111111111111111111111111
Terrain6
111111111111111111111111111
100000000000000000000000001
100000000000000000000000001
100000000000000000000000001
100000000000000000000000001
100000011111111001111111111
100000000000000000000000001
100000000000000000000000001
100000000000000000000000001
100000000000000000000000001
111111111111111001111000001
100000000000000000000000001
100000000000000000000000001
100000000000000000000000001
100000000000000000000000001
100000000000000000000000001
100000011111111001111111111
100000000000000000000000001
100000000000000000000000001
100000000000000000000000001
100000000000000000000000001
111111111111111001111000001
100000000000000000000000001
100000000000000000000000001
100000000000000000000000001
100000000000000000000000001
111111111111111111111111111
Terrain7
111111111111111111111111111
100000000000000000000000001
100000000000000000000000001
110011001100101001100110011
100000000000000000000000001
100000000000000000000000001
110011001100101001100110011
100000000000000000000000001
100000000000000000000000001
110011001100101001100110011
100000000000000000000000001
100000000000000000000000001
100000000000000000000000001
110011001100101001100110011
100000000000000000000000001
100000000000000000000000001
100000000000000000000000001
110011001100101001100110011
100000000000000000000000001
100000000000000000000000001
110011001100101001100110011
100000000000000000000000001
100000000000000000000000001
110011001100101001100110011
100000000000000000000000001
100000000000000000000000001
111111111111111111111111111
Terrain8
111111111111111111111111111
100000000000000000000000001
100000000000000000000000001
100000000000010000000000001
100000000000101000000000001
100000000001000100000000001
100000000010000010000000001
100000000100000001000000001
100000001000000000100000001
100000010000000000010000001
100000100000000000001000001
100001000000000000000100001
100000000000000000000000001
100000000000000000000000001
100000000000000000000000001
100001000000000000000100001
100000100000000000001000001
100000010000000000010000001
100000001000000000100000001
100000000100000001000000001
100000000010000010000000001
100000000001000100000000001
100000000000101000000000001
100000000000010000000000001
100000000000000000000000001
100000000000000000000000001
111111111111111111111111111
Terrain9
111111111111111111111111111
111111100000000000000000001
111111000000100000000000001
111110000001110000000000001
111100000011011000000000001
111000000110001100000000001
110000001100000110000000001
100000011000000011000000001
100000110000100001100000001
100001100000100000110000001
100011000000100000011000001
100000000000100000000000001
100000000000100000000000001
100000000000100000000000001
100000000000100000000000001
100011000000100000011000001
100001100000100000110000001
100000110000100001100000001
100000011000000011000000001
100000001100000110000000001
100000000110001100000000011
100000000011011000000000111
100000000001110000000001111
100000000000000000000011111
100000000000000000000111111
100000000000000000001111111
111111111111111111111111111
Terrain10
111111111111111111111111111
100000000000000000000000001
100000000000000000000000001
100011000000000000000110001
100001100000000000001100001
100000110000000000011000001
100000011000000000110000001
100110001100000001100011001
100011000110000011000110001
100001100011000110001100001
100000110000000000011000001
100000011000000000110000001
100000001100000001100000001
100000000110000011000000001
100000001100000001100000001
100000011000000000110000001
100000110000000000011000001
100001100011000110001100001
100011000110000011000110001
100110001100000001100011001
100000011000000000110000001
100000110000000000011000001
100001100000000000001100001
100011000000000000000110001
100000000000000000000000001
100000000000000000000000001
111111111111111111111111111
Terrain11
111111111111111111111111111
100000000000000000000000001
100000000000000000000000001
100110000000000000000000001
100110000000000000000000001
100000011000000000000000001
100000011000000000000000001
100000000001100000000000001
100000000001100000000000001
100000000000000110000000001
100000000000000110000000001
100000000000000000011000001
100000000000000000011001101
100000000000000000000001101
100000000000000000110000001
100000000000000000110000001
100000000000001100000000001
100000000000001100000000001
100000000011000000000000001
100000000011000000000000001
100000110000000000000000001
100000110000000000000000001
101100000000000000000000001
101100000000000000000000001
100000000000000000000000001
100000000000000000000000001
111111111111111111111111111
Terrain12
111111111111111111111111111
100000000000000000000000001
100000000000000100000000001
100000000000001000000000001
100000000000010000000000001
100000000000111000000000001
100000000001101100000000001
100000000011000110000000001
100000000110000011000000001
100000001100000001100000001
100000011000000000110000001
100000000000000000000000001
100000000000000000000000001
100000011000000000110000001
100000001100000001100000001
100000000110000011000000001
100000000011000110000000001
100000000001101100000000001
100000000000111000000000001
100000000000010000000000001
100000000000000000000000001
100000000000000000000000001
100000000000000000000000001
100000000000000000000000001
100000000000000000000000001
100000000000000000000000001
111111111111111111111111111
Terrains 13
111111111111111111111111111
100000000000000000000000001
100000000000000000000000001
101010101010101010101010101
101010101010101010101010101
101010101010101010101010101
101010101010101010101010101
100000000000000000000000001
101010101010101010101010101
101010101010101010101010101
000000000000000000000000000
100100000000001000000000001
100010000000001000000000001
100001000000010000000000001
100000100000100000000000001
100000010101000000000000001
100000000000000000000000001
100000000000000000000000001
100000000000000000000001001
100000000000000000000010001
100001000010000000000100001
100000000000000000001000001
100001000010000000010000001
100000000000000000100000001
100001000010000001000000001
100000000000000000000000001
000110001100011000110000000
Terrain 14
111111111111111111111111111
100000000000000000000000001
100000000000000000000000001
110110110110011001100110011
100000000000000000000000001
100000000000000000000000001
100000000000000000000000001
101010101010101010101010101
100000000000000000000000001
100000000000000000000000001
100000000000000000000000001
101010101010101010101010101
100000000000000000000000001
100000000000000000000000001
100000000000000000000000001
110110110110011001100110011
100000000000000000000000001
100000000000000000000000001
100000000000000000000000001
100000000000000000000000001
100000000000000000000000001
100000000000000000000000001
100000000000000000000000001
101010101010101010101010101
100000000000000000000000001
100000000000000000000000001
111111111111111111111111111
New